00 12 21 11 24 21 20 22 00 11
лфк 12 02 11 12 23 14 10 11 01 01
бахмуцский 21 21 12 01 13 14 02 21 23 22
роландс 20 12 11 02 13 03 10 20 02 00
вальдхоф 11 01 11 01 12 14 32 10 00 01
эрик хх хх хх хх хх хх 10 21 02 31
ш 20 03 01 11 20 04 11 31 00 11
бд 10 02 12 10 34 13 10 10 02 10
дк 21 12 11 11 12 13 21 21 12 11
ковбен€ 01 01 11 00 00 24 10 11 12 00
дер€гин 21 21 01 00 00 04 11 22 12 00
ислам 12 02 02 21 30 14 21 11 12 21
ержигит 12 11 12 01 21 04 10 21 10 11
вадим 21 12 02 12 12 03 20 21 12 10
исмаилов 22 13 22 11 13 14 20 21 11 12
бирм 21 01 03 11 13 14 00 22 12 10
рм 21 01 21 11 01 13 21 21 12 11
реналь 12 01 12 31 01 04 10 12 02 11
пузырЄв 12 12 11 11 21 13 11 11 11 11
свирский 01 01 01 22 01 04 10 00 01 00
новосельцев 10 00 20 22 11 15 31 12 12 10